################################################################################
MODEL
  Î = {0, 1, 2, 3, 4, 5, 6, 7, 9}
  score over all data: -2.6130467790359835
----------------------------------------------------------------------
Model - p:10 - h:2 - e:4

A:
[[0 1 0 0 0 0 0 0 0 1]
 [0 0 1 0 0 0 0 0 0 0]
 [0 0 0 0 0 0 0 0 0 0]
 [0 1 0 0 0 0 0 0 0 0]
 [0 0 0 1 0 0 0 1 0 0]
 [0 0 0 1 0 0 0 0 0 0]
 [0 0 0 0 0 0 0 0 0 0]
 [0 0 0 1 0 0 0 0 1 0]
 [0 0 0 0 0 0 0 0 0 0]
 [0 0 0 0 0 0 0 0 0 0]]

B:
[[ 0.          0.45157585  0.          0.          0.          0.
   0.          0.          0.          0.6222092 ]
 [ 0.          0.          0.69524423  0.          0.          0.
   0.          0.          0.          0.        ]
 [ 0.          0.          0.          0.          0.          0.
   0.          0.          0.          0.        ]
 [ 0.          0.40496273  0.          0.          0.          0.
   0.          0.          0.          0.        ]
 [ 0.          0.          0.         -0.33966061  0.          0.
   0.          0.85884586  0.          0.        ]
 [ 0.          0.          0.          0.54249152  0.          0.
   0.          0.          0.          0.        ]
 [ 0.          0.          0.          0.          0.          0.
   0.          0.          0.          0.        ]
 [ 0.          0.          0.          1.15898505  0.          0.
   0.          0.          1.14570494  0.        ]
 [ 0.          0.          0.          0.          0.          0.
   0.          0.          0.          0.        ]
 [ 0.          0.          0.          0.          0.          0.
   0.          0.          0.          0.        ]]

gamma:
[[-0.15009689 -0.10329059 -0.04969637  0.03853747 -0.21101607 -0.09321031
  -0.31248596 -0.03258822  0.10095605 -0.19527861]
 [ 0.18169229  0.13308869 -0.1777684  -0.2131627   0.19593954 -0.03246139
   0.05530349  0.15534327  0.00737442  0.10653648]]

omegas:
[[1.25830874e-01 1.53128569e-01 2.33069818e-02 1.35809061e-01
  1.08429027e-01 5.56933452e-01 6.90175159e-01 1.60381974e-01
  9.61752482e-02 1.74143240e-01]
 [2.56406437e-01 3.76880839e-02 1.89669640e-02 1.60855066e-02
  1.89286505e-01 1.08007221e-01 5.66078178e-01 4.26576497e-03
  9.61752482e-02 2.96237621e-02]
 [1.92241743e-01 2.75485041e-02 1.58797154e-01 6.54342160e-03
  2.73315057e-01 1.91981983e-01 7.36386071e-03 3.38266916e-02
  9.61752482e-02 3.62343939e-01]
 [5.44970647e-02 1.14045192e-02 1.78152104e-02 3.17926987e-10
  1.55879478e-01 3.47276604e-02 8.24964303e-02 1.43908384e-02
  9.61752482e-02 4.13425647e-01]]

psis:
[[1.19785654 1.08727372]
 [0.99762035 1.09790623]
 [0.84301251 1.07199414]
 [1.20743625 1.32915279]]

----------------------------------------------------------------------

################################################################################
MODEL
  Î = {1, 3, 5, 6, 7, 9}
  score over all data: -2.5966472298814742
----------------------------------------------------------------------
Model - p:10 - h:3 - e:4

A:
[[0 0 0 0 0 0 0 0 0 0]
 [0 0 1 0 0 0 0 0 0 1]
 [0 0 0 0 0 1 0 0 0 0]
 [0 1 0 0 0 0 0 0 0 0]
 [0 0 0 0 0 0 0 1 0 1]
 [0 0 0 0 0 0 0 0 0 0]
 [0 0 0 0 0 1 0 0 0 0]
 [0 0 0 0 0 0 0 0 1 0]
 [0 0 0 1 0 0 0 0 0 0]
 [1 0 0 0 0 0 0 0 0 0]]

B:
[[ 0.          0.          0.          0.          0.          0.
   0.          0.          0.          0.        ]
 [ 0.          0.          0.7737451   0.          0.          0.
   0.          0.          0.          0.73218822]
 [ 0.          0.          0.          0.          0.          1.22923826
   0.          0.          0.          0.        ]
 [ 0.          0.6073571   0.          0.          0.          0.
   0.          0.          0.          0.        ]
 [ 0.          0.          0.          0.          0.          0.
   0.          0.71353254  0.          0.31384624]
 [ 0.          0.          0.          0.          0.          0.
   0.          0.          0.          0.        ]
 [ 0.          0.          0.          0.          0.         -0.44068356
   0.          0.          0.          0.        ]
 [ 0.          0.          0.          0.          0.          0.
   0.          0.          1.30381228  0.        ]
 [ 0.          0.          0.          0.70237862  0.          0.
   0.          0.          0.          0.        ]
 [ 0.56463817  0.          0.          0.          0.          0.
   0.          0.          0.          0.        ]]

gamma:
[[-0.12602682 -0.20050244  0.02967972 -0.11150111 -0.18701108  0.0493951
  -0.24723533 -0.11227883  0.25343762  0.04285618]
 [-0.18137432  0.12695896 -0.26481613 -0.13308763  0.1811982   0.10991126
   0.07882417  0.07898146 -0.07015218  0.25077226]
 [ 0.17571184  0.1272066  -0.17128199 -0.23437198  0.07748218 -0.00441499
  -0.11803477  0.08287222  0.08733117 -0.0940038 ]]

omegas:
[[1.39680480e-02 1.99852861e-01 2.08364588e-11 1.76259310e-01
  1.71534642e-01 2.74137845e-01 7.84171547e-01 1.97646726e-01
  2.70836099e-02 2.87896129e-01]
 [1.39680480e-02 6.10704991e-02 2.08364588e-11 1.22911738e-01
  1.71534642e-01 4.52080189e-02 3.88698508e-01 6.48623070e-03
  2.70836099e-02 7.10270488e-02]
 [1.39680480e-02 1.06045613e-02 2.08364588e-11 1.92491719e-02
  1.71534642e-01 3.39352476e-02 2.09410010e-02 3.67133687e-02
  2.70836099e-02 9.43910170e-02]
 [1.39680480e-02 1.33226530e-01 2.08364588e-11 4.85392343e-03
  1.71534642e-01 6.83132978e-03 2.70856662e-01 1.05759679e-02
  2.70836099e-02 1.98082709e-01]]

psis:
[[1.02888826 0.7524388  1.04919092]
 [1.57075791 0.49453569 1.18651999]
 [0.40445589 1.82780242 0.83049098]
 [1.26656773 1.05578583 1.4436657 ]]

----------------------------------------------------------------------

################################################################################
MODEL
  Î = {0, 1, 2, 3, 4, 5, 6, 7, 8, 9}
  score over all data: -2.527529793181554
----------------------------------------------------------------------
Model - p:10 - h:1 - e:4

A:
[[0 0 0 0 0 0 0 0 0 1]
 [1 0 0 0 0 0 0 0 0 0]
 [0 0 0 0 0 1 0 0 0 0]
 [0 0 0 0 0 0 0 0 0 0]
 [0 0 0 0 0 0 0 1 0 0]
 [0 0 0 0 0 0 0 0 0 0]
 [0 0 0 0 0 0 0 0 0 0]
 [0 0 0 1 0 0 0 0 1 0]
 [0 0 0 0 0 0 0 0 0 0]
 [0 0 0 0 0 0 0 0 0 0]]

B:
[[0.         0.         0.         0.         0.         0.
  0.         0.         0.         1.01318814]
 [0.60317284 0.         0.         0.         0.         0.
  0.         0.         0.         0.        ]
 [0.         0.         0.         0.         0.         0.9111123
  0.         0.         0.         0.        ]
 [0.         0.         0.         0.         0.         0.
  0.         0.         0.         0.        ]
 [0.         0.         0.         0.         0.         0.
  0.         0.85513191 0.         0.        ]
 [0.         0.         0.         0.         0.         0.
  0.         0.         0.         0.        ]
 [0.         0.         0.         0.         0.         0.
  0.         0.         0.         0.        ]
 [0.         0.         0.         0.64899394 0.         0.
  0.         0.         1.1888348  0.        ]
 [0.         0.         0.         0.         0.         0.
  0.         0.         0.         0.        ]
 [0.         0.         0.         0.         0.         0.
  0.         0.         0.         0.        ]]

gamma:
[[ 0.01262097 -0.29277911 -0.33079496 -0.20416113 -0.34834343  0.13818532
  -0.35746539  0.0558324   0.22988105  0.03620122]]

omegas:
[[1.50891834e-01 3.44127987e-01 1.87263853e-01 1.57684857e-01
  1.81434618e-01 4.01224860e-01 7.26004929e-01 2.36561394e-01
  1.36296810e-01 2.33639804e-01]
 [7.93259723e-02 2.58559601e-01 7.23398510e-02 7.34038823e-02
  4.56301998e-02 1.13641136e-01 6.46395169e-01 5.73105091e-02
  1.02270453e-01 3.83394300e-02]
 [7.48083868e-02 4.58191399e-02 1.78647374e-01 1.45116402e-01
  1.52420905e-01 2.61761836e-02 3.71954517e-02 3.59165027e-02
  1.61098323e-02 3.99169656e-01]
 [8.23632966e-02 8.64404851e-02 4.65021828e-08 3.34921488e-02
  7.15423228e-02 3.41224792e-02 2.03598747e-01 1.35182297e-02
  4.03917251e-02 6.01678142e-01]]

psis:
[[0.72469442]
 [0.96570037]
 [0.80238579]
 [1.05034928]]

----------------------------------------------------------------------

################################################################################
MODEL
  Î = {3, 4, 5, 6, 7}
  score over all data: -2.4888620526342797
----------------------------------------------------------------------
Model - p:10 - h:3 - e:4

A:
[[0 0 0 0 0 0 0 0 0 0]
 [0 0 1 0 0 0 0 0 0 1]
 [0 0 0 0 0 0 0 0 0 0]
 [0 1 0 0 0 0 0 0 0 0]
 [0 0 1 0 0 0 0 1 0 1]
 [0 0 0 1 0 0 0 0 0 0]
 [0 0 0 0 0 0 0 0 0 0]
 [0 0 0 1 0 0 0 0 1 0]
 [0 0 0 0 0 0 0 0 0 0]
 [1 0 0 0 0 0 0 0 0 0]]

B:
[[ 0.          0.          0.          0.          0.          0.
   0.          0.          0.          0.        ]
 [ 0.          0.          0.77215271  0.          0.          0.
   0.          0.          0.          0.42685945]
 [ 0.          0.          0.          0.          0.          0.
   0.          0.          0.          0.        ]
 [ 0.          0.7296555   0.          0.          0.          0.
   0.          0.          0.          0.        ]
 [ 0.          0.         -0.43006367  0.          0.          0.
   0.          0.97043969  0.          0.65906631]
 [ 0.          0.          0.          0.48436416  0.          0.
   0.          0.          0.          0.        ]
 [ 0.          0.          0.          0.          0.          0.
   0.          0.          0.          0.        ]
 [ 0.          0.          0.          0.68608213  0.          0.
   0.          0.          1.15262154  0.        ]
 [ 0.          0.          0.          0.          0.          0.
   0.          0.          0.          0.        ]
 [ 0.44805626  0.          0.          0.          0.          0.
   0.          0.          0.          0.        ]]

gamma:
[[-0.18563057 -0.2447138   0.03554442  0.10421126 -0.16229187 -0.06011262
  -0.11726375 -0.0845556   0.06464732  0.02240572]
 [-0.01978363 -0.08125237 -0.19156551 -0.04268604 -0.20248997 -0.13615223
  -0.14882484  0.0792071   0.09629654 -0.06391213]
 [ 0.07614045 -0.21457363  0.16322943  0.10581279  0.1166327   0.14038889
  -0.16803181 -0.00253655  0.0167094  -0.32524988]]

omegas:
[[5.68828558e-02 7.03838209e-02 3.75297473e-02 1.78004643e-01
  1.97660256e-01 5.98205473e-01 8.42636069e-01 1.92175455e-01
  8.62175800e-02 1.38147407e-01]
 [5.68828558e-02 7.03838209e-02 3.75297473e-02 7.06083815e-03
  9.62763939e-02 3.46750398e-02 2.83380171e-01 8.28972805e-03
  8.62175800e-02 1.38147407e-01]
 [5.68828558e-02 7.03838209e-02 3.75297473e-02 9.39989374e-03
  2.67382428e-01 8.28272915e-02 1.14838120e-02 4.37515070e-02
  8.62175800e-02 1.38147407e-01]
 [5.68828558e-02 7.03838209e-02 3.75297473e-02 1.89306829e-03
  1.26189711e-01 2.13002986e-02 3.41909644e-01 4.64383420e-10
  8.62175800e-02 1.38147407e-01]]

psis:
[[0.9863771  0.97793924 0.80870099]
 [1.41141658 1.14085987 1.04591225]
 [0.85050154 0.90047411 1.33177308]
 [1.13068206 1.25460139 1.11440578]]

----------------------------------------------------------------------

################################################################################
MODEL
  Î = {0, 1, 2, 3, 4, 5, 6, 7, 8, 9}
  score over all data: -2.478731200478726
----------------------------------------------------------------------
Model - p:10 - h:2 - e:4

A:
[[0 0 0 0 0 0 0 0 0 1]
 [1 0 1 0 0 0 0 0 0 0]
 [0 0 0 0 0 0 0 0 0 0]
 [1 1 0 0 0 0 0 0 0 0]
 [0 0 0 1 0 0 0 1 0 0]
 [0 0 0 1 0 0 0 0 0 0]
 [0 0 0 0 0 0 0 0 0 0]
 [1 0 0 1 0 0 0 0 1 0]
 [0 0 0 0 0 0 0 0 0 0]
 [0 0 0 0 0 0 0 0 0 0]]

B:
[[ 0.          0.          0.          0.          0.          0.
   0.          0.          0.          0.86967295]
 [ 0.77072412  0.          0.64942792  0.          0.          0.
   0.          0.          0.          0.        ]
 [ 0.          0.          0.          0.          0.          0.
   0.          0.          0.          0.        ]
 [-0.49656913  0.65081195  0.          0.          0.          0.
   0.          0.          0.          0.        ]
 [ 0.          0.          0.         -0.42291911  0.          0.
   0.          0.97802781  0.          0.        ]
 [ 0.          0.          0.          0.4565487   0.          0.
   0.          0.          0.          0.        ]
 [ 0.          0.          0.          0.          0.          0.
   0.          0.          0.          0.        ]
 [ 0.44199944  0.          0.          1.22251203  0.          0.
   0.          0.          1.17456888  0.        ]
 [ 0.          0.          0.          0.          0.          0.
   0.          0.          0.          0.        ]
 [ 0.          0.          0.          0.          0.          0.
   0.          0.          0.          0.        ]]

gamma:
[[ 0.09780953 -0.18346747  0.09573541  0.20036582 -0.18056144  0.03113914
  -0.15463193 -0.10149169  0.118667   -0.11640315]
 [ 0.00974664 -0.07960354 -0.09764012 -0.08011158 -0.14465022 -0.08587703
  -0.18064672  0.07205519  0.09376126 -0.109051  ]]

omegas:
[[1.03871939e-01 1.15944964e-01 5.54854180e-02 1.18779743e-01
  1.77396035e-01 5.33078692e-01 7.05206892e-01 1.85630286e-01
  1.18192446e-01 2.20636327e-01]
 [6.21143658e-02 9.17697084e-02 2.28206688e-02 1.22191370e-02
  1.62899154e-01 8.27088994e-02 4.49303484e-01 6.55443086e-03
  6.16335548e-02 4.52814707e-02]
 [6.24685219e-02 3.27573570e-02 1.64425165e-01 1.61565109e-08
  2.32877842e-01 1.61379894e-01 2.02746931e-03 4.07655635e-02
  2.31325599e-02 3.01967386e-01]
 [5.76042741e-02 1.52227501e-01 2.43616757e-02 7.91293057e-03
  5.01102134e-02 2.67103427e-02 2.32037735e-01 8.60502581e-03
  7.13259366e-02 3.30590167e-01]]

psis:
[[0.86494862 1.10203658]
 [1.60831343 0.99885697]
 [1.68391457 0.86470414]
 [0.7980703  1.9347218 ]]

----------------------------------------------------------------------

################################################################################
MODEL
  Î = {0, 3, 4, 5, 6, 7, 9}
  score over all data: -2.4682906094597348
----------------------------------------------------------------------
Model - p:10 - h:2 - e:4

A:
[[0 1 0 0 1 0 0 0 0 1]
 [0 0 1 0 0 0 0 0 0 0]
 [0 0 0 0 0 0 0 0 0 0]
 [0 1 0 0 0 0 0 0 0 0]
 [0 0 1 0 0 0 0 1 0 0]
 [0 0 0 1 0 0 0 0 0 0]
 [0 0 0 0 0 0 0 0 0 0]
 [0 0 0 1 0 0 0 0 1 0]
 [0 0 0 0 0 0 0 0 0 0]
 [0 0 0 0 0 0 0 0 0 0]]

B:
[[ 0.          0.48740841  0.          0.          0.59472236  0.
   0.          0.          0.          0.91400781]
 [ 0.          0.          0.81148242  0.          0.          0.
   0.          0.          0.          0.        ]
 [ 0.          0.          0.          0.          0.          0.
   0.          0.          0.          0.        ]
 [ 0.          0.6255277   0.          0.          0.          0.
   0.          0.          0.          0.        ]
 [ 0.          0.         -0.36626754  0.          0.          0.
   0.          0.99666098  0.          0.        ]
 [ 0.          0.          0.          0.39583154  0.          0.
   0.          0.          0.          0.        ]
 [ 0.          0.          0.          0.          0.          0.
   0.          0.          0.          0.        ]
 [ 0.          0.          0.          0.65584883  0.          0.
   0.          0.          1.13141641  0.        ]
 [ 0.          0.          0.          0.          0.          0.
   0.          0.          0.          0.        ]
 [ 0.          0.          0.          0.          0.          0.
   0.          0.          0.          0.        ]]

gamma:
[[-0.05253916 -0.12286164  0.09813416  0.08867981 -0.02426183  0.11974423
  -0.16871847 -0.00905496  0.11410767 -0.13123154]
 [-0.06468281 -0.07795205  0.21046765  0.1074494   0.13802155  0.1157459
   0.12536949 -0.08033842 -0.1267633   0.00032668]]

omegas:
[[1.95393259e-01 9.24590509e-02 4.34193986e-02 2.20915168e-01
  1.57300864e-01 6.52935241e-01 7.02463240e-01 1.80526816e-01
  9.37264378e-02 1.94458359e-01]
 [4.34219326e-01 9.24590509e-02 4.34193986e-02 1.09380075e-02
  1.07806360e-01 1.09690371e-01 5.74305362e-01 2.64595296e-02
  9.37264378e-02 3.25359867e-02]
 [1.23704306e-01 9.24590509e-02 4.34193986e-02 4.60924258e-03
  1.52651173e-01 9.50942441e-02 4.20407654e-11 4.93059194e-02
  9.37264378e-02 3.59021030e-01]
 [8.35434903e-02 9.24590509e-02 4.34193986e-02 6.28816098e-03
  2.76805435e-01 3.47082659e-02 2.26921766e-01 1.30796942e-02
  9.37264378e-02 4.19711267e-01]]

psis:
[[0.95681106 0.56165253]
 [1.08489578 1.03101383]
 [1.32064727 1.08892659]
 [0.9748022  1.69594352]]

----------------------------------------------------------------------

################################################################################
MODEL
  Î = {1, 2, 3, 4, 5, 6, 7, 9}
  score over all data: -2.4568619392903432
----------------------------------------------------------------------
Model - p:10 - h:3 - e:4

A:
[[0 0 0 0 0 0 0 0 0 1]
 [0 0 0 1 0 0 0 0 0 0]
 [0 1 0 0 0 1 0 0 0 0]
 [0 0 0 0 0 0 1 0 0 0]
 [0 0 0 0 0 0 0 1 0 0]
 [0 0 0 0 0 0 0 0 0 0]
 [0 0 0 0 0 0 0 0 0 0]
 [0 0 0 0 0 0 0 0 1 0]
 [0 0 0 0 0 0 0 0 0 0]
 [0 0 0 0 0 0 0 0 0 0]]

B:
[[0.         0.         0.         0.         0.         0.
  0.         0.         0.         0.73895345]
 [0.         0.         0.         0.57142074 0.         0.
  0.         0.         0.         0.        ]
 [0.         0.882657   0.         0.         0.         0.85575128
  0.         0.         0.         0.        ]
 [0.         0.         0.         0.         0.         0.
  0.70015073 0.         0.         0.        ]
 [0.         0.         0.         0.         0.         0.
  0.         0.69004224 0.         0.        ]
 [0.         0.         0.         0.         0.         0.
  0.         0.         0.         0.        ]
 [0.         0.         0.         0.         0.         0.
  0.         0.         0.         0.        ]
 [0.         0.         0.         0.         0.         0.
  0.         0.         1.03455311 0.        ]
 [0.         0.         0.         0.         0.         0.
  0.         0.         0.         0.        ]
 [0.         0.         0.         0.         0.         0.
  0.         0.         0.         0.        ]]

gamma:
[[-0.22552376 -0.04438937 -0.1882135   0.09481698 -0.04641488  0.17897271
  -0.36447211 -0.03352751  0.14147297 -0.02464404]
 [ 0.27375466  0.23066943  0.14096708  0.13651028  0.30872149  0.07474119
  -0.11161755  0.15542426  0.04349579  0.10347004]
 [-0.08374329 -0.17774517  0.13965261  0.16751749  0.08153814 -0.01769091
  -0.08419169 -0.04003406 -0.07029118 -0.10697529]]

omegas:
[[6.03077874e-02 4.64983931e-02 3.22860806e-01 1.40214986e-01
  9.37154839e-02 3.56208090e-01 4.21910571e-01 1.23739902e-01
  7.12600549e-02 1.99515386e-01]
 [6.03077874e-02 3.15761524e-02 3.51330446e-03 6.85252440e-02
  5.36119217e-02 1.71057251e-02 1.88704284e-01 2.85864321e-02
  7.12600549e-02 3.96209239e-02]
 [6.03077874e-02 1.53931971e-01 6.05993536e-02 1.77147582e-10
  2.16263191e-01 2.59258399e-02 4.43018709e-02 5.54242993e-02
  7.12600549e-02 2.48725139e-01]
 [6.03077874e-02 1.62914534e-02 7.82266913e-03 7.37466951e-02
  1.04717110e-01 5.63109796e-03 9.39082302e-02 1.89967912e-02
  7.12600549e-02 3.67678630e-01]]

psis:
[[1.10960623 1.38714975 0.82257502]
 [1.46553471 1.24165181 1.05273415]
 [0.80073716 0.74975604 1.3106225 ]
 [1.15283715 0.88446909 1.43680389]]

----------------------------------------------------------------------

################################################################################
MODEL
  Î = {0, 1, 2, 3, 4, 5, 6, 9}
  score over all data: -2.3283726483900424
----------------------------------------------------------------------
Model - p:10 - h:3 - e:4

A:
[[0 1 0 0 0 0 0 0 0 1]
 [0 0 0 0 0 0 0 0 0 0]
 [0 0 0 0 0 0 1 0 0 0]
 [0 0 0 0 0 0 0 1 0 0]
 [0 0 0 1 0 0 0 0 0 0]
 [0 0 0 0 0 0 1 0 0 0]
 [0 0 0 0 0 0 0 0 0 0]
 [0 0 0 0 0 0 0 0 1 0]
 [0 0 0 0 0 0 0 0 0 0]
 [0 0 0 0 0 0 0 0 0 0]]

B:
[[ 0.          0.70789649  0.          0.          0.          0.
   0.          0.          0.          0.72017187]
 [ 0.          0.          0.          0.          0.          0.
   0.          0.          0.          0.        ]
 [ 0.          0.          0.          0.          0.          0.
   1.0813608   0.          0.          0.        ]
 [ 0.          0.          0.          0.          0.          0.
   0.          0.91368945  0.          0.        ]
 [ 0.          0.          0.          0.8918813   0.          0.
   0.          0.          0.          0.        ]
 [ 0.          0.          0.          0.          0.          0.
  -0.84391905  0.          0.          0.        ]
 [ 0.          0.          0.          0.          0.          0.
   0.          0.          0.          0.        ]
 [ 0.          0.          0.          0.          0.          0.
   0.          0.          1.24018888  0.        ]
 [ 0.          0.          0.          0.          0.          0.
   0.          0.          0.          0.        ]
 [ 0.          0.          0.          0.          0.          0.
   0.          0.          0.          0.        ]]

gamma:
[[-0.08915693 -0.19666843 -0.35291642 -0.21744481 -0.10274489 -0.32552299
  -0.16133195  0.21053657  0.02752379 -0.08163385]
 [ 0.22752304  0.12851765  0.0241563  -0.15092964  0.32712879 -0.05140649
   0.13601263  0.25374617 -0.15813777  0.13906357]
 [-0.02792984  0.03455358 -0.01716168 -0.02132193  0.02206051  0.00575794
   0.08205634  0.01922688 -0.02755613  0.04226589]]

omegas:
[[1.97108067e-01 2.97824403e-01 2.80882892e-01 3.54563585e-01
  1.91703183e-01 5.10847440e-01 3.50381866e-01 1.33697644e-01
  9.04024827e-02 2.52567013e-01]
 [4.24995937e-01 8.96074022e-03 1.63644313e-01 3.37786774e-03
  3.30644532e-01 1.34900890e-01 1.42580264e-01 1.33697644e-01
  9.04024827e-02 4.35897152e-02]
 [4.23626131e-02 4.98649941e-02 9.35358537e-02 1.62827490e-01
  2.73758600e-01 1.06936695e-01 1.50470131e-01 1.33697644e-01
  9.04024827e-02 3.29251665e-01]
 [1.45914144e-01 1.97203959e-02 1.12884377e-01 2.00579937e-02
  1.40296693e-01 5.22645479e-11 1.04306041e-01 1.33697644e-01
  9.04024827e-02 5.03990023e-01]]

psis:
[[1.00506237 1.00049487 0.99969188]
 [0.99919437 1.00004402 1.00018206]
 [0.99764637 1.00178753 1.00057489]
 [0.99834425 0.99879846 1.00017829]]

----------------------------------------------------------------------

################################################################################
MODEL
  Î = {0, 4, 5, 6, 7, 9}
  score over all data: -2.2999961500337864
----------------------------------------------------------------------
Model - p:10 - h:3 - e:4

A:
[[0 0 0 0 0 0 0 0 0 0]
 [0 0 1 0 0 0 0 0 0 1]
 [0 0 0 0 0 1 0 0 0 0]
 [0 1 0 0 0 0 0 0 0 0]
 [0 0 0 0 0 0 0 1 0 0]
 [0 0 0 0 0 0 0 0 0 0]
 [0 0 0 0 0 0 0 0 0 0]
 [0 0 0 0 0 0 0 0 1 0]
 [0 0 0 1 0 0 0 0 0 0]
 [0 0 0 0 0 0 0 0 0 0]]

B:
[[0.         0.         0.         0.         0.         0.
  0.         0.         0.         0.        ]
 [0.         0.         0.40047524 0.         0.         0.
  0.         0.         0.         0.43559876]
 [0.         0.         0.         0.         0.         0.74024135
  0.         0.         0.         0.        ]
 [0.         0.35199785 0.         0.         0.         0.
  0.         0.         0.         0.        ]
 [0.         0.         0.         0.         0.         0.
  0.         0.91992472 0.         0.        ]
 [0.         0.         0.         0.         0.         0.
  0.         0.         0.         0.        ]
 [0.         0.         0.         0.         0.         0.
  0.         0.         0.         0.        ]
 [0.         0.         0.         0.         0.         0.
  0.         0.         1.19721696 0.        ]
 [0.         0.         0.         0.69200498 0.         0.
  0.         0.         0.         0.        ]
 [0.         0.         0.         0.         0.         0.
  0.         0.         0.         0.        ]]

gamma:
[[-0.30568192 -0.34765622 -0.12001226 -0.08463022 -0.17867243  0.06251795
  -0.33843848 -0.08633135  0.06988771 -0.22131605]
 [-0.1759064  -0.03355272  0.17785698  0.22697309 -0.25549689  0.05761358
  -0.05212535  0.02007563  0.01526436 -0.34259187]
 [ 0.0392063   0.0010779  -0.1220655  -0.21056388 -0.05385496  0.03815881
  -0.16355383  0.08322537  0.13129696 -0.07857721]]

omegas:
[[0.06232521 0.09115331 0.04885309 0.05428511 0.11039139 0.43586562
  0.70758713 0.18016791 0.08691078 0.21469299]
 [0.1239563  0.09115331 0.04885309 0.05428511 0.16106108 0.08574651
  0.33850129 0.01374423 0.08691078 0.05418639]
 [0.04853844 0.09115331 0.04885309 0.05428511 0.11563088 0.03217565
  0.02358108 0.04522838 0.08691078 0.20226727]
 [0.02589936 0.09115331 0.04885309 0.05428511 0.32855167 0.0234893
  0.19327469 0.01212327 0.08691078 0.24981023]]

psis:
[[1.82441557e+00 1.78826446e+00 7.07593288e-01]
 [1.81683478e+00 7.01110487e-11 1.04099440e+00]
 [1.71336611e-01 1.76355542e+00 7.50190437e-01]
 [5.12567719e-01 1.23678721e+00 2.08093872e+00]]

----------------------------------------------------------------------

################################################################################
MODEL
  Î = {9, 5, 6}
  score over all data: -2.133722195932027
----------------------------------------------------------------------
Model - p:10 - h:2 - e:4

A:
[[0 0 0 0 0 0 0 0 0 1]
 [1 0 0 1 0 0 0 0 0 0]
 [0 1 0 0 0 1 0 0 0 0]
 [0 0 0 0 0 0 1 1 0 0]
 [0 1 0 0 0 0 0 1 0 0]
 [0 0 0 0 0 0 0 0 0 0]
 [0 0 0 0 0 0 0 0 0 0]
 [0 0 0 0 0 0 0 0 1 0]
 [0 0 0 0 0 0 0 0 0 0]
 [0 0 0 0 0 0 0 0 0 0]]

B:
[[0.         0.         0.         0.         0.         0.
  0.         0.         0.         0.94130683]
 [0.55536589 0.         0.         0.62778349 0.         0.
  0.         0.         0.         0.        ]
 [0.         1.03759827 0.         0.         0.         0.65137428
  0.         0.         0.         0.        ]
 [0.         0.         0.         0.         0.         0.
  0.81148093 0.54473053 0.         0.        ]
 [0.         0.58413408 0.         0.         0.         0.
  0.         0.84518913 0.         0.        ]
 [0.         0.         0.         0.         0.         0.
  0.         0.         0.         0.        ]
 [0.         0.         0.         0.         0.         0.
  0.         0.         0.         0.        ]
 [0.         0.         0.         0.         0.         0.
  0.         0.         1.12102365 0.        ]
 [0.         0.         0.         0.         0.         0.
  0.         0.         0.         0.        ]
 [0.         0.         0.         0.         0.         0.
  0.         0.         0.         0.        ]]

gamma:
[[-0.09636271 -0.03743376  0.02934021  0.11009789 -0.0049211   0.18257297
  -0.38603502 -0.15405095  0.13172577 -0.05869783]
 [ 0.02276013  0.21646691 -0.23900692 -0.16080441 -0.22881815  0.0172933
  -0.03243736  0.16944803  0.16899983 -0.04819671]]

omegas:
[[1.19648391e-01 8.40562949e-02 2.15247950e-01 1.34341977e-01
  1.82288158e-01 3.46386315e-01 4.09997584e-01 3.56001744e-02
  6.04804967e-02 2.12336977e-01]
 [1.19648391e-01 8.40562949e-02 2.15247950e-01 1.34341977e-01
  1.82288158e-01 1.95444043e-02 3.69278254e-01 3.56001744e-02
  6.04804967e-02 3.34407185e-02]
 [1.19648391e-01 8.40562949e-02 2.15247950e-01 1.34341977e-01
  1.82288158e-01 3.70718386e-02 1.54440279e-09 3.56001744e-02
  6.04804967e-02 3.73173033e-01]
 [1.19648391e-01 8.40562949e-02 2.15247950e-01 1.34341977e-01
  1.82288158e-01 1.38666262e-03 1.37368490e-01 3.56001744e-02
  6.04804967e-02 4.21147325e-01]]

psis:
[[1.15268551 0.37673667]
 [1.48984307 1.04982417]
 [1.06346351 0.84235373]
 [0.97715667 1.94922201]]

----------------------------------------------------------------------
